iteration(space)
1
transformation(space)
-0.309494,-0.774965,0.551038,0.980856
-0.164581,0.6144,0.771638,-0.529675
-0.93655,0.148127,-0.317697,0.180915
0,0,0,1
twist(space)
2.46207,-0.32347,0.340898,0.49442,0.164949,-2.05446
angular norm(space)
2.50652
linear norm(space)
2.11955
thetalist(space)
2.59,-2.62252,-0.994008,4.9645,-2.05733,-3.70616
iteration(space)
2
transformation(space)
-0.564596,0.763525,-0.313466,0.368696
0.566127,0.0818774,-0.820241,-1.55513
-0.600609,-0.640566,-0.47848,-0.187615
0,0,0,1
twist(space)
-0.134651,-0.607361,0.700712,0.547485,-0.985901,-1.59624
angular norm(space)
0.937025
linear norm(space)
1.95441
thetalist(space)
2.59,-3.67614,-0.0402083,4.8612,-0.433669,-0.974953
iteration(space)
3
transformation(space)
0.566726,0.822003,-0.0559777,0.12158
-0.338872,0.170626,-0.925231,-0.65036
-0.750991,0.543322,0.375252,-0.475385
0,0,0,1
twist(space)
0.0626577,0.390282,-0.606662,-0.884065,-0.390349,-0.633484
angular norm(space)
0.724076
linear norm(space)
1.15553
thetalist(space)
2.59,-4.4764,-0.960117,17.8669,-0.361002,-2.42119
iteration(space)
4
transformation(space)
0.391981,0.722541,-0.569461,-0.031794
0.431393,-0.691085,-0.579915,-0.167614
-0.812558,-0.0183462,-0.582591,0.0493129
0,0,0,1
twist(space)
-0.74358,-0.598137,-0.220402,-0.0418566,-0.543161,-0.0939882
angular norm(space)
0.979416
linear norm(space)
0.55282
thetalist(space)
2.59,-5.62141,0.438818,9.3435,-2.15346,-2.52357
iteration(space)
5
transformation(space)
-0.645706,0.746401,0.161083,-0.353114
0.138015,0.321564,-0.936776,0.456214
-0.751009,-0.58265,-0.31065,0.658076
0,0,0,1
twist(space)
0.267013,-0.248214,0.67956,0.54545,-0.00639917,0.412489
angular norm(space)
0.771173
linear norm(space)
0.683888
thetalist(space)
2.59,-5.81505,1.40602,4.40285,-3.16949,-4.75485
iteration(space)
6
transformation(space)
-0.0871557,0.978334,-0.187793,-0.244989
0.234294,-0.163092,-0.958388,0.260414
-0.968251,-0.127528,-0.215004,0.00112748
0,0,0,1
twist(space)
-0.178275,-0.228276,0.109075,-0.103873,-0.245844,0.171427
angular norm(space)
0.309498
linear norm(space)
0.3172
thetalist(space)
2.59,-5.97942,0.709549,3.8411,-3.67696,-4.55723
iteration(space)
7
transformation(space)
-0.106788,0.994234,-0.00974516,-0.30165
0.161878,0.00771475,-0.986781,0.237444
-0.981016,-0.106954,-0.161768,0.167796
0,0,0,1
twist(space)
-0.00102168,-0.162855,0.107552,0.067051,-0.194642,0.143051
angular norm(space)
0.195167
linear norm(space)
0.250689
thetalist(space)
2.59,-5.69711,1.00242,5.6757,-2.92047,-4.28122
iteration(space)
8
transformation(space)
-0.343692,0.932739,-0.108962,-0.0557194
0.565687,0.113019,-0.816838,0.363989
-0.749583,-0.34238,-0.566482,0.160965
0,0,0,1
twist(space)
0.00221676,-0.618642,0.374885,0.0599729,-0.43305,0.282527
angular norm(space)
0.723369
linear norm(space)
0.520529
thetalist(space)
2.59,-6.29386,0.560386,2.45141,-4.36338,-4.97849
iteration(space)
9
transformation(space)
-0.0469023,0.976564,0.210055,-0.28165
0.326312,0.213729,-0.920782,0.114403
-0.944098,0.0253568,-0.328689,0.286192
0,0,0,1
twist(space)
0.217675,-0.33644,0.0110668,0.184553,-0.219164,0.0218717
angular norm(space)
0.40087
linear norm(space)
0.287352
thetalist(space)
2.59,-6.06114,0.805419,5.31126,-3.29368,-4.66771
iteration(space)
10
transformation(space)
-0.253185,0.880525,-0.400715,-0.0269201
0.304664,-0.320562,-0.896895,0.432355
-0.918192,-0.349164,-0.187103,-0.116051
0,0,0,1
twist(space)
-0.380126,-0.25917,0.317449,-0.188254,-0.438558,0.393824
angular norm(space)
0.558962
linear norm(space)
0.618765
thetalist(space)
2.59,-5.17138,1.27964,7.78592,-1.92202,-3.67245
iteration(space)
11
transformation(space)
-0.0155614,0.95287,-0.302979,-0.296132
0.0155687,-0.302748,-0.952944,0.224447
-0.999758,-0.0195461,-0.0101238,-0.0603673
0,0,0,1
twist(space)
-0.307721,-0.0130523,0.0178353,-0.15948,-0.18459,0.15386
angular norm(space)
0.308514
linear norm(space)
0.28841
thetalist(space)
2.59,-5.50733,0.966294,5.71805,-2.8506,-3.91074
iteration(space)
12
transformation(space)
-0.403919,0.912091,-0.0702728,0.0092465
0.686305,0.251346,-0.682503,0.399291
-0.604842,-0.323905,-0.727497,0.258743
0,0,0,1
twist(space)
0.104955,-0.819477,0.421866,0.13695,-0.493234,0.335817
angular norm(space)
0.927647
linear norm(space)
0.612216
thetalist(space)
2.59,-6.38831,0.539737,1.87506,-4.54398,-5.13915
iteration(space)
13
transformation(space)
0.000172263,0.948465,0.316881,-0.260923
0.396166,0.290889,-0.870883,0.075748
-0.918179,0.125687,-0.375699,0.317545
0,0,0,1
twist(space)
0.317918,-0.403754,-0.0658359,0.214134,-0.242665,-0.0187151
angular norm(space)
0.518096
linear norm(space)
0.324176
thetalist(space)
2.59,-6.15473,0.75376,5.35531,-3.32147,-4.81322
iteration(space)
14
transformation(space)
-0.244669,0.847798,-0.470506,-0.0130645
0.322769,-0.386364,-0.864027,0.439475
-0.914307,-0.363265,-0.179112,-0.147583
0,0,0,1
twist(space)
-0.457302,-0.267848,0.324448,-0.219606,-0.441656,0.416289
angular norm(space)
0.621397
linear norm(space)
0.645432
thetalist(space)
2.59,-5.14268,1.29188,7.85661,-1.86006,-3.59617
iteration(space)
15
transformation(space)
-0.0159463,0.946027,-0.323694,-0.296129
0.00859616,-0.323594,-0.946157,0.228171
-0.999836,-0.0178703,-0.00297209,-0.0710205
0,0,0,1
twist(space)
-0.329597,-0.00589052,0.0172193,-0.169732,-0.182395,0.160184
angular norm(space)
0.330099
linear norm(space)
0.296203
thetalist(space)
2.59,-5.4901,0.973546,5.72726,-2.83361,-3.88229
iteration(space)
16
transformation(space)
-0.38571,0.918997,-0.0816821,-0.0335004
0.642921,0.204226,-0.738203,0.396506
-0.661725,-0.337248,-0.669615,0.227547
0,0,0,1
twist(space)
0.0693376,-0.742656,0.409062,0.107861,-0.45207,0.326039
angular norm(space)
0.850693
linear norm(space)
0.567717
thetalist(space)
2.59,-6.34469,0.567189,2.04354,-4.45589,-5.08988
iteration(space)
17
transformation(space)
-0.017939,0.9633,0.267827,-0.273427
0.365495,0.255649,-0.895018,0.100763
-0.93064,0.0818337,-0.356668,0.298102
0,0,0,1
twist(space)
0.271351,-0.374344,-0.0331207,0.193791,-0.230223,0.00670439
angular norm(space)
0.463531
linear norm(space)
0.301003
thetalist(space)
2.59,-6.10595,0.780443,5.28322,-3.30476,-4.75684
iteration(space)
18
transformation(space)
-0.250492,0.86121,-0.442234,-0.0170433
0.318998,-0.357865,-0.877595,0.440017
-0.914054,-0.360902,-0.185082,-0.132666
0,0,0,1
twist(space)
-0.424932,-0.267716,0.324711,-0.204854,-0.441606,0.410505
angular norm(space)
0.59806
linear norm(space)
0.636786
thetalist(space)
2.59,-5.15528,1.2908,7.82809,-1.88194,-3.63198
iteration(space)
19
transformation(space)
-0.0130178,0.948201,-0.317403,-0.295606
0.0112582,-0.317271,-0.948268,0.225663
-0.999852,-0.0159177,-0.00654488,-0.0691205
0,0,0,1
twist(space)
-0.322936,-0.00905861,0.0147231,-0.168281,-0.183608,0.156875
angular norm(space)
0.323399
linear norm(space)
0.294346
thetalist(space)
2.59,-5.49478,0.969772,5.73036,-2.83665,-3.8896
iteration(space)
20
transformation(space)
-0.39247,0.916527,-0.0771096,-0.0212477
0.657139,0.220761,-0.720717,0.397502
-0.643534,-0.333531,-0.688928,0.238935
0,0,0,1
twist(space)
0.0819012,-0.767446,0.413922,0.118334,-0.463701,0.329485
angular norm(space)
0.875792
linear norm(space)
0.581018
thetalist(space)
2.59,-6.3593,0.559459,1.99077,-4.48326,-5.10672
iteration(space)
21
transformation(space)
-0.0125268,0.959169,0.282556,-0.270074
0.375167,0.266443,-0.887839,0.0939643
-0.926873,0.0948841,-0.363186,0.304042
0,0,0,1
twist(space)
0.285337,-0.383751,-0.0428043,0.199846,-0.233708,-9.71919e-05
angular norm(space)
0.480119
linear norm(space)
0.307503
thetalist(space)
2.59,-6.12034,0.772956,5.29925,-3.3095,-4.77468
iteration(space)
22
transformation(space)
-0.24874,0.857578,-0.450209,-0.0159644
0.320473,-0.365767,-0.873791,0.440108
-0.914016,-0.361627,-0.183849,-0.13649
0,0,0,1
twist(space)
-0.433953,-0.268209,0.324605,-0.208764,-0.441495,0.412323
angular norm(space)
0.604665
linear norm(space)
0.639148
thetalist(space)
2.59,-5.15201,1.29135,7.83495,-1.87557,-3.62236
iteration(space)
23
transformation(space)
-0.0136938,0.947568,-0.31926,-0.295762
0.0104756,-0.319137,-0.947651,0.226327
-0.999851,-0.0163213,-0.00555616,-0.0698025
0,0,0,1
twist(space)
-0.3249,-0.00815906,0.0152756,-0.168851,-0.183248,0.157771
angular norm(space)
0.325362
linear norm(space)
0.294928
thetalist(space)
2.59,-5.49339,0.970773,5.72931,-2.83573,-3.88747
iteration(space)
24
transformation(space)
-0.39069,0.917184,-0.0783226,-0.0244549
0.653482,0.216421,-0.725343,0.397279
-0.648323,-0.334567,-0.683917,0.235941
0,0,0,1
twist(space)
0.0785768,-0.760968,0.412664,0.115567,-0.460658,0.32861
angular norm(space)
0.869217
linear norm(space)
0.577535
thetalist(space)
2.59,-6.35549,0.561478,2.00443,-4.4761,-5.10234
iteration(space)
25
transformation(space)
-0.0139545,0.960288,0.278661,-0.270957
0.372634,0.263607,-0.88975,0.0957641
-0.927873,0.0914227,-0.361515,0.302477
0,0,0,1
twist(space)
0.281638,-0.381295,-0.0402347,0.198248,-0.232793,0.00170592
angular norm(space)
0.475736
linear norm(space)
0.305774
thetalist(space)
2.59,-6.11658,0.774907,5.29484,-3.30832,-4.77
iteration(space)
26
transformation(space)
-0.249179,0.858592,-0.448029,-0.0163084
0.320058,-0.36362,-0.874839,0.440084
-0.914042,-0.361386,-0.184193,-0.135391
0,0,0,1
twist(space)
-0.431487,-0.268069,0.324588,-0.207661,-0.441464,0.411822
angular norm(space)
0.602826
linear norm(space)
0.638444
thetalist(space)
2.59,-5.15295,1.29119,7.83269,-1.87739,-3.62501
iteration(space)
27
transformation(space)
-0.0135325,0.947753,-0.318717,-0.295736
0.0106878,-0.318591,-0.947832,0.226161
-0.999851,-0.0162329,-0.00581806,-0.0695983
0,0,0,1
twist(space)
-0.324326,-0.00839984,0.0151476,-0.168675,-0.183332,0.157536
angular norm(space)
0.324788
linear norm(space)
0.294754
thetalist(space)
2.59,-5.4938,0.970505,5.72936,-2.83605,-3.88815
iteration(space)
28
transformation(space)
-0.391226,0.916985,-0.0779734,-0.0233933
0.654659,0.217753,-0.723882,0.397361
-0.64681,-0.334247,-0.685504,0.236846
0,0,0,1
twist(space)
0.0795835,-0.763024,0.413049,0.116403,-0.461671,0.328891
angular norm(space)
0.871292
linear norm(space)
0.57867
thetalist(space)
2.59,-6.35669,0.560802,2,-4.4784,-5.10371
iteration(space)
29
transformation(space)
-0.0134955,0.959931,0.279911,-0.270661
0.373442,0.264519,-0.88914,0.0951673
-0.927555,0.0925313,-0.362049,0.302977
0,0,0,1
twist(space)
0.282825,-0.382079,-0.0410582,0.198763,-0.233097,0.00110578
angular norm(space)
0.477137
linear norm(space)
0.306336
thetalist(space)
2.59,-6.11781,0.774254,5.29635,-3.30874,-4.77149
iteration(space)
30
transformation(space)
-0.249026,0.858283,-0.448705,-0.016223
0.320169,-0.364297,-0.874517,0.440082
-0.914045,-0.361439,-0.184076,-0.13572
0,0,0,1
twist(space)
-0.432256,-0.268097,0.324571,-0.207996,-0.441449,0.411967
angular norm(space)
0.60338
linear norm(space)
0.638637
thetalist(space)
2.59,-5.15267,1.29123,7.83326,-1.87686,-3.62417
iteration(space)
31
transformation(space)
-0.0136,0.947702,-0.318866,-0.295751
0.0106224,-0.318741,-0.947782,0.226222
-0.999851,-0.0162769,-0.005732,-0.0696478
0,0,0,1
twist(space)
-0.324484,-0.00832289,0.0152046,-0.168714,-0.1833,0.157615
angular norm(space)
0.324947
linear norm(space)
0.294798
thetalist(space)
2.59,-5.49369,0.970594,5.72924,-2.83599,-3.88799
iteration(space)
32
transformation(space)
-0.391078,0.91704,-0.078077,-0.0236453
0.654365,0.217395,-0.724256,0.397343
-0.647198,-0.334331,-0.685097,0.236596
0,0,0,1
twist(space)
0.0793079,-0.7625,0.412945,0.116172,-0.461433,0.328819
angular norm(space)
0.870758
linear norm(space)
0.578393
thetalist(space)
2.59,-6.35638,0.560959,2.00109,-4.47783,-5.10335
iteration(space)
33
transformation(space)
-0.0136098,0.96002,0.2796,-0.27073
0.37324,0.264292,-0.889293,0.0953072
-0.927635,0.0922546,-0.361915,0.302853
0,0,0,1
twist(space)
0.282529,-0.381882,-0.0408527,0.198637,-0.233025,0.00124599
angular norm(space)
0.476787
linear norm(space)
0.306201
thetalist(space)
2.59,-6.11751,0.774406,5.29602,-3.30865,-4.77111
iteration(space)
34
transformation(space)
-0.24906,0.858365,-0.44853,-0.0162526
0.320133,-0.364125,-0.874601,0.440079
-0.914048,-0.361417,-0.184102,-0.135632
0,0,0,1
twist(space)
-0.432058,-0.268083,0.324568,-0.207907,-0.441445,0.411925
angular norm(space)
0.603231
linear norm(space)
0.638578
thetalist(space)
2.59,-5.15275,1.29121,7.83307,-1.87701,-3.62439
iteration(space)
35
transformation(space)
-0.0135885,0.947718,-0.318821,-0.29575
0.0106396,-0.318695,-0.947797,0.226209
-0.999851,-0.0162713,-0.00575276,-0.0696297
0,0,0,1
twist(space)
-0.324436,-0.00834219,0.0151959,-0.168698,-0.183307,0.157597
angular norm(space)
0.324899
linear norm(space)
0.294783
thetalist(space)
2.59,-5.49373,0.970572,5.72924,-2.83602,-3.88805
iteration(space)
36
transformation(space)
-0.391122,0.917023,-0.0780483,-0.0235533
0.654466,0.217507,-0.724131,0.397351
-0.647069,-0.334304,-0.685232,0.236672
0,0,0,1
twist(space)
0.0793922,-0.762676,0.412977,0.116242,-0.461521,0.328843
angular norm(space)
0.870935
linear norm(space)
0.578491
thetalist(space)
2.59,-6.35648,0.5609,2.00071,-4.47803,-5.10346
iteration(space)
37
transformation(space)
-0.0135707,0.95999,0.279707,-0.270704
0.373308,0.26437,-0.889241,0.0952554
-0.927608,0.0923492,-0.36196,0.302897
0,0,0,1
twist(space)
0.282631,-0.381949,-0.0409229,0.198682,-0.233051,0.00119383
angular norm(space)
0.476906
linear norm(space)
0.30625
thetalist(space)
2.59,-6.11762,0.774349,5.29615,-3.30869,-4.77124
iteration(space)
38
transformation(space)
-0.249046,0.85834,-0.448585,-0.0162474
0.320141,-0.364181,-0.874575,0.440077
-0.914049,-0.361419,-0.184092,-0.135658
0,0,0,1
twist(space)
-0.432121,-0.268084,0.324564,-0.207934,-0.441442,0.411936
angular norm(space)
0.603274
linear norm(space)
0.638591
thetalist(space)
2.59,-5.15273,1.29121,7.8331,-1.87697,-3.62432
iteration(space)
39
transformation(space)
-0.0135954,0.947714,-0.318831,-0.295752
0.0106344,-0.318706,-0.947794,0.226215
-0.999851,-0.0162762,-0.00574542,-0.069632
0,0,0,1
twist(space)
-0.324447,-0.0083358,0.0152019,-0.168699,-0.183304,0.157604
angular norm(space)
0.32491
linear norm(space)
0.294786
thetalist(space)
2.59,-5.49372,0.97058,5.72922,-2.83602,-3.88804
iteration(space)
40
transformation(space)
-0.391111,0.917028,-0.0780568,-0.0235696
0.654445,0.21748,-0.724158,0.39735
-0.647097,-0.33431,-0.685202,0.236652
0,0,0,1
twist(space)
0.079371,-0.762638,0.412969,0.116224,-0.461506,0.328838
angular norm(space)
0.870896
linear norm(space)
0.578472
thetalist(space)
2.59,-6.35646,0.56091,2.00078,-4.47799,-5.10344
iteration(space)
41
transformation(space)
-0.0135785,0.959996,0.279685,-0.270708
0.373294,0.264355,-0.889252,0.0952644
-0.927614,0.0923301,-0.36195,0.302887
0,0,0,1
twist(space)
0.28261,-0.381935,-0.0409089,0.198672,-0.233047,0.00120254
angular norm(space)
0.476882
linear norm(space)
0.30624
thetalist(space)
2.59,-6.1176,0.774359,5.29613,-3.30868,-4.77121
iteration(space)
42
transformation(space)
-0.249048,0.858345,-0.448573,-0.0162496
0.320138,-0.36417,-0.874581,0.440077
-0.914049,-0.361418,-0.184093,-0.135651
0,0,0,1
twist(space)
-0.432108,-0.268083,0.324564,-0.207928,-0.441441,0.411933
angular norm(space)
0.603264
linear norm(space)
0.638587
thetalist(space)
2.59,-5.15273,1.29121,7.83309,-1.87698,-3.62433
iteration(space)
43
transformation(space)
-0.0135951,0.947715,-0.318829,-0.295752
0.0106355,-0.318703,-0.947795,0.226214
-0.999851,-0.0162763,-0.00574665,-0.0696307
0,0,0,1
twist(space)
-0.324444,-0.008337,0.0152017,-0.168698,-0.183304,0.157603
angular norm(space)
0.324907
linear norm(space)
0.294785
thetalist(space)
2.59,-5.49372,0.970579,5.72922,-2.83602,-3.88804
iteration(space)
44
transformation(space)
-0.391114,0.917026,-0.078055,-0.0235615
0.654453,0.217489,-0.724148,0.397351
-0.647086,-0.334308,-0.685214,0.236658
0,0,0,1
twist(space)
0.0793775,-0.762653,0.412972,0.116229,-0.461513,0.32884
angular norm(space)
0.870911
linear norm(space)
0.578481
thetalist(space)
2.59,-6.35647,0.560905,2.00075,-4.47801,-5.10345
iteration(space)
45
transformation(space)
-0.0135753,0.959993,0.279695,-0.270706
0.3733,0.264362,-0.889247,0.0952598
-0.927611,0.0923384,-0.361954,0.302892
0,0,0,1
twist(space)
0.28262,-0.381941,-0.0409149,0.198677,-0.233049,0.00119814
angular norm(space)
0.476893
linear norm(space)
0.306245
thetalist(space)
2.59,-6.11761,0.774354,5.29614,-3.30869,-4.77122
iteration(space)
46
transformation(space)
-0.249046,0.858344,-0.448576,-0.0162501
0.320138,-0.364174,-0.874579,0.440077
-0.91405,-0.361417,-0.184092,-0.135653
0,0,0,1
twist(space)
-0.432112,-0.268082,0.324563,-0.20793,-0.44144,0.411933
angular norm(space)
0.603266
linear norm(space)
0.638587
thetalist(space)
2.59,-5.15273,1.29121,7.83309,-1.87698,-3.62433
iteration(space)
47
transformation(space)
-0.0135959,0.947715,-0.318828,-0.295752
0.010635,-0.318703,-0.947795,0.226214
-0.999851,-0.0162769,-0.00574589,-0.0696309
0,0,0,1
twist(space)
-0.324444,-0.00833635,0.0152024,-0.168698,-0.183304,0.157603
angular norm(space)
0.324907
linear norm(space)
0.294785
thetalist(space)
2.59,-5.49372,0.970579,5.72922,-2.83602,-3.88804
iteration(space)
48
transformation(space)
-0.391115,0.917026,-0.0780548,-0.0235598
0.654455,0.21749,-0.724146,0.397351
-0.647084,-0.334307,-0.685215,0.236659
0,0,0,1
twist(space)
0.0793783,-0.762655,0.412972,0.11623,-0.461515,0.328841
angular norm(space)
0.870913
linear norm(space)
0.578482
thetalist(space)
2.59,-6.35647,0.560904,2.00074,-4.47801,-5.10345
iteration(space)
49
transformation(space)
-0.0135745,0.959992,0.279696,-0.270705
0.373301,0.264363,-0.889246,0.095259
-0.927611,0.0923398,-0.361955,0.302892
0,0,0,1
twist(space)
0.282621,-0.381941,-0.040916,0.198677,-0.23305,0.00119721
angular norm(space)
0.476894
linear norm(space)
0.306245
thetalist(space)
2.59,-6.11761,0.774353,5.29614,-3.30869,-4.77122
iteration(space)
50
transformation(space)
-0.249046,0.858344,-0.448578,-0.0162496
0.320138,-0.364175,-0.874579,0.440077
-0.91405,-0.361417,-0.184092,-0.135655
0,0,0,1
twist(space)
-0.432114,-0.268082,0.324563,-0.207931,-0.441441,0.411934
angular norm(space)
0.603267
linear norm(space)
0.638588
thetalist(space)
2.59,-5.15273,1.29121,7.83309,-1.87698,-3.62432
iteration(space)
51
transformation(space)
-0.0135957,0.947715,-0.318829,-0.295752
0.0106353,-0.318704,-0.947795,0.226214
-0.999851,-0.0162767,-0.00574623,-0.0696305
0,0,0,1
twist(space)
-0.324445,-0.00833667,0.0152023,-0.168698,-0.183304,0.157603
angular norm(space)
0.324908
linear norm(space)
0.294785
thetalist(space)
2.59,-5.49372,0.970579,5.72922,-2.83602,-3.88804
iteration(space)
52
transformation(space)
-0.391115,0.917026,-0.0780546,-0.023561
0.654453,0.217489,-0.724147,0.397351
-0.647086,-0.334308,-0.685214,0.236658
0,0,0,1
twist(space)
0.079378,-0.762653,0.412972,0.116229,-0.461514,0.32884
angular norm(space)
0.870911
linear norm(space)
0.578481
thetalist(space)
2.59,-6.35647,0.560905,2.00075,-4.47801,-5.10345
iteration(space)
53
transformation(space)
-0.0135745,0.959993,0.279695,-0.270705
0.3733,0.264361,-0.889247,0.0952594
-0.927611,0.0923392,-0.361954,0.302891
0,0,0,1
twist(space)
0.28262,-0.381941,-0.0409157,0.198677,-0.23305,0.00119756
angular norm(space)
0.476893
linear norm(space)
0.306245
thetalist(space)
2.59,-6.11761,0.774353,5.29614,-3.30869,-4.77122
iteration(space)
54
transformation(space)
-0.249047,0.858343,-0.448579,-0.0162487
0.320139,-0.364176,-0.874578,0.440077
-0.91405,-0.361418,-0.184092,-0.135654
0,0,0,1
twist(space)
-0.432115,-0.268083,0.324564,-0.207931,-0.441441,0.411935
angular norm(space)
0.603269
linear norm(space)
0.638589
thetalist(space)
2.59,-5.15273,1.29121,7.83309,-1.87698,-3.62432
iteration(space)
55
transformation(space)
-0.0135955,0.947715,-0.318829,-0.295752
0.0106345,-0.318704,-0.947795,0.226215
-0.999851,-0.0162764,-0.00574556,-0.0696317
0,0,0,1
twist(space)
-0.324445,-0.00833594,0.015202,-0.168699,-0.183304,0.157604
angular norm(space)
0.324908
linear norm(space)
0.294785
thetalist(space)
2.59,-5.49372,0.97058,5.72922,-2.83602,-3.88804
iteration(space)
56
transformation(space)
-0.391112,0.917027,-0.0780562,-0.0235653
0.654449,0.217484,-0.724153,0.39735
-0.647092,-0.334309,-0.685208,0.236655
0,0,0,1
twist(space)
0.0793738,-0.762645,0.412971,0.116227,-0.46151,0.328839
angular norm(space)
0.870903
linear norm(space)
0.578476
thetalist(space)
2.59,-6.35646,0.560907,2.00077,-4.478,-5.10344
iteration(space)
57
transformation(space)
-0.013577,0.959994,0.27969,-0.270707
0.373297,0.264358,-0.889249,0.0952624
-0.927613,0.092334,-0.361952,0.302889
0,0,0,1
twist(space)
0.282615,-0.381937,-0.0409117,0.198674,-0.233048,0.00120049
angular norm(space)
0.476887
linear norm(space)
0.306242
thetalist(space)
2.59,-6.1176,0.774356,5.29613,-3.30868,-4.77122
iteration(space)
58
transformation(space)
-0.249047,0.858346,-0.448574,-0.0162505
0.320138,-0.364171,-0.874581,0.440077
-0.91405,-0.361417,-0.184093,-0.135651
0,0,0,1
twist(space)
-0.432109,-0.268083,0.324563,-0.207928,-0.44144,0.411933
angular norm(space)
0.603264
linear norm(space)
0.638586
thetalist(space)
2.59,-5.15273,1.29121,7.83309,-1.87698,-3.62433
iteration(space)
59
transformation(space)
-0.0135958,0.947715,-0.318827,-0.295752
0.0106352,-0.318702,-0.947795,0.226214
-0.999851,-0.0162768,-0.00574612,-0.0696306
0,0,0,1
twist(space)
-0.324443,-0.00833654,0.0152023,-0.168698,-0.183304,0.157603
angular norm(space)
0.324906
linear norm(space)
0.294785
thetalist(space)
2.59,-5.49372,0.970579,5.72922,-2.83602,-3.88804
iteration(space)
60
transformation(space)
-0.391114,0.917026,-0.078055,-0.0235601
0.654454,0.217489,-0.724146,0.397351
-0.647085,-0.334307,-0.685215,0.236659
0,0,0,1
twist(space)
0.0793778,-0.762654,0.412972,0.11623,-0.461515,0.32884
angular norm(space)
0.870912
linear norm(space)
0.578482
thetalist(space)
2.59,-6.35647,0.560904,2.00075,-4.47801,-5.10345
iteration(space)
61
transformation(space)
-0.0135749,0.959993,0.279696,-0.270705
0.3733,0.264362,-0.889247,0.0952594
-0.927611,0.0923389,-0.361954,0.302891
0,0,0,1
twist(space)
0.28262,-0.381941,-0.0409153,0.198676,-0.23305,0.00119738
angular norm(space)
0.476893
linear norm(space)
0.306244
thetalist(space)
2.59,-6.11761,0.774353,5.29614,-3.30869,-4.77122
iteration(space)
62
transformation(space)
-0.249047,0.858344,-0.448577,-0.0162496
0.320139,-0.364175,-0.874579,0.440077
-0.91405,-0.361418,-0.184092,-0.135654
0,0,0,1
twist(space)
-0.432113,-0.268083,0.324563,-0.20793,-0.441441,0.411934
angular norm(space)
0.603267
linear norm(space)
0.638588
thetalist(space)
2.59,-5.15273,1.29121,7.83309,-1.87698,-3.62432
iteration(space)
63
transformation(space)
-0.013596,0.947715,-0.318829,-0.295752
0.0106351,-0.318704,-0.947795,0.226215
-0.999851,-0.016277,-0.00574593,-0.0696312
0,0,0,1
twist(space)
-0.324445,-0.0083364,0.0152026,-0.168699,-0.183304,0.157603
angular norm(space)
0.324908
linear norm(space)
0.294785
thetalist(space)
2.59,-5.49372,0.97058,5.72922,-2.83602,-3.88804
iteration(space)
64
transformation(space)
-0.391115,0.917026,-0.0780553,-0.0235601
0.654455,0.217489,-0.724146,0.397351
-0.647085,-0.334308,-0.685215,0.236659
0,0,0,1
twist(space)
0.0793778,-0.762655,0.412973,0.11623,-0.461515,0.328841
angular norm(space)
0.870913
linear norm(space)
0.578482
thetalist(space)
2.59,-6.35647,0.560904,2.00075,-4.47801,-5.10345
iteration(space)
65
transformation(space)
-0.013575,0.959993,0.279696,-0.270705
0.373301,0.264363,-0.889246,0.0952593
-0.927611,0.0923393,-0.361954,0.302892
0,0,0,1
twist(space)
0.282621,-0.381941,-0.0409155,0.198677,-0.233049,0.0011974
angular norm(space)
0.476894
linear norm(space)
0.306245
thetalist(space)
2.59,-6.11761,0.774353,5.29614,-3.30869,-4.77122
iteration(space)
66
transformation(space)
-0.249046,0.858344,-0.448578,-0.0162494
0.320139,-0.364175,-0.874579,0.440077
-0.91405,-0.361418,-0.184093,-0.135654
0,0,0,1
twist(space)
-0.432114,-0.268083,0.324563,-0.207931,-0.441441,0.411934
angular norm(space)
0.603268
linear norm(space)
0.638588
thetalist(space)
2.59,-5.15273,1.29121,7.83309,-1.87698,-3.62432
iteration(space)
67
transformation(space)
-0.0135959,0.947715,-0.318829,-0.295752
0.010635,-0.318703,-0.947795,0.226215
-0.999851,-0.0162769,-0.00574585,-0.0696314
0,0,0,1
twist(space)
-0.324444,-0.0083363,0.0152024,-0.168699,-0.183304,0.157603
angular norm(space)
0.324907
linear norm(space)
0.294785
thetalist(space)
2.59,-5.49372,0.97058,5.72922,-2.83602,-3.88804
iteration(space)
68
transformation(space)
-0.391114,0.917026,-0.0780554,-0.0235617
0.654453,0.217488,-0.724148,0.39735
-0.647087,-0.334308,-0.685213,0.236658
0,0,0,1
twist(space)
0.0793769,-0.762652,0.412972,0.11623,-0.461513,0.32884
angular norm(space)
0.87091
linear norm(space)
0.57848
thetalist(space)
2.59,-6.35647,0.560905,2.00075,-4.47801,-5.10345
iteration(space)
69
transformation(space)
-0.0135754,0.959993,0.279694,-0.270706
0.3733,0.264361,-0.889247,0.0952602
-0.927612,0.0923378,-0.361954,0.302891
0,0,0,1
twist(space)
0.282619,-0.38194,-0.0409145,0.198676,-0.233049,0.0011984
angular norm(space)
0.476892
linear norm(space)
0.306244
thetalist(space)
2.59,-6.11761,0.774354,5.29614,-3.30869,-4.77122
iteration(space)
70
transformation(space)
-0.249047,0.858344,-0.448577,-0.0162493
0.320138,-0.364174,-0.874579,0.440077
-0.91405,-0.361418,-0.184092,-0.135654
0,0,0,1
twist(space)
-0.432113,-0.268083,0.324564,-0.207931,-0.441441,0.411934
angular norm(space)
0.603267
linear norm(space)
0.638588
thetalist(space)
2.59,-5.15273,1.29121,7.83309,-1.87698,-3.62433
iteration(space)
71
transformation(space)
-0.0135956,0.947715,-0.318829,-0.295752
0.0106351,-0.318703,-0.947795,0.226215
-0.999851,-0.0162766,-0.00574608,-0.0696313
0,0,0,1
twist(space)
-0.324444,-0.0083365,0.0152022,-0.168699,-0.183304,0.157603
angular norm(space)
0.324907
linear norm(space)
0.294785
thetalist(space)
2.59,-5.49372,0.970579,5.72922,-2.83602,-3.88804
iteration(space)
72
transformation(space)
-0.391114,0.917026,-0.0780552,-0.0235619
0.654453,0.217488,-0.724148,0.39735
-0.647087,-0.334308,-0.685213,0.236657
0,0,0,1
twist(space)
0.0793768,-0.762652,0.412972,0.116229,-0.461513,0.32884
angular norm(space)
0.87091
linear norm(space)
0.57848
thetalist(space)
2.59,-6.35647,0.560905,2.00075,-4.47801,-5.10345
iteration(space)
73
transformation(space)
-0.0135754,0.959993,0.279693,-0.270706
0.3733,0.264361,-0.889247,0.0952599
-0.927612,0.0923376,-0.361954,0.302891
0,0,0,1
twist(space)
0.282618,-0.38194,-0.0409144,0.198676,-0.233049,0.00119813
angular norm(space)
0.476891
linear norm(space)
0.306244
thetalist(space)
2.59,-6.11761,0.774354,5.29614,-3.30869,-4.77122
iteration(space)
74
transformation(space)
-0.249047,0.858343,-0.448578,-0.0162489
0.320139,-0.364175,-0.874578,0.440077
-0.91405,-0.361418,-0.184093,-0.135653
0,0,0,1
twist(space)
-0.432114,-0.268083,0.324564,-0.20793,-0.441441,0.411935
angular norm(space)
0.603268
linear norm(space)
0.638588
thetalist(space)
2.59,-5.15273,1.29121,7.83309,-1.87698,-3.62432
iteration(space)
75
transformation(space)
-0.0135957,0.947715,-0.318829,-0.295752
0.0106347,-0.318703,-0.947795,0.226215
-0.999851,-0.0162765,-0.00574563,-0.0696316
0,0,0,1
twist(space)
-0.324445,-0.00833604,0.0152021,-0.168699,-0.183304,0.157603
angular norm(space)
0.324907
linear norm(space)
0.294785
thetalist(space)
2.59,-5.49372,0.97058,5.72922,-2.83602,-3.88804
iteration(space)
76
transformation(space)
-0.391113,0.917027,-0.078056,-0.0235636
0.654451,0.217485,-0.724151,0.39735
-0.647089,-0.334309,-0.68521,0.236657
0,0,0,1
twist(space)
0.079375,-0.762648,0.412971,0.116228,-0.461511,0.32884
angular norm(space)
0.870907
linear norm(space)
0.578478
thetalist(space)
2.59,-6.35646,0.560906,2.00076,-4.478,-5.10344
iteration(space)
77
transformation(space)
-0.0135762,0.959994,0.279692,-0.270706
0.373298,0.26436,-0.889249,0.0952614
-0.927612,0.0923357,-0.361953,0.30289
0,0,0,1
twist(space)
0.282617,-0.381938,-0.040913,0.198675,-0.233049,0.00119946
angular norm(space)
0.476889
linear norm(space)
0.306243
thetalist(space)
2.59,-6.1176,0.774355,5.29614,-3.30869,-4.77122
iteration(space)
78
transformation(space)
-0.249047,0.858345,-0.448576,-0.0162497
0.320138,-0.364173,-0.87458,0.440077
-0.91405,-0.361418,-0.184093,-0.135653
0,0,0,1
twist(space)
-0.432111,-0.268083,0.324563,-0.20793,-0.441441,0.411934
angular norm(space)
0.603266
linear norm(space)
0.638588
thetalist(space)
2.59,-5.15273,1.29121,7.83309,-1.87698,-3.62433
iteration(space)
79
transformation(space)
-0.0135957,0.947715,-0.318828,-0.295752
0.0106358,-0.318703,-0.947795,0.226215
-0.999851,-0.016277,-0.00574668,-0.0696298
0,0,0,1
twist(space)
-0.324444,-0.00833713,0.0152024,-0.168697,-0.183304,0.157603
angular norm(space)
0.324907
linear norm(space)
0.294784
thetalist(space)
2.59,-5.49372,0.970579,5.72922,-2.83602,-3.88804
iteration(space)
80
transformation(space)
-0.391114,0.917026,-0.0780549,-0.0235612
0.654453,0.217489,-0.724148,0.397351
-0.647086,-0.334308,-0.685213,0.236657
0,0,0,1
twist(space)
0.0793775,-0.762652,0.412972,0.116229,-0.461514,0.32884
angular norm(space)
0.870911
linear norm(space)
0.57848
thetalist(space)
2.59,-6.35646,0.560905,2.00075,-4.47801,-5.10345
iteration(space)
81
transformation(space)
-0.0135746,0.959993,0.279694,-0.270705
0.3733,0.264361,-0.889247,0.0952593
-0.927611,0.0923389,-0.361954,0.302892
0,0,0,1
twist(space)
0.282619,-0.381941,-0.0409155,0.198677,-0.23305,0.00119769
angular norm(space)
0.476893
linear norm(space)
0.306245
thetalist(space)
2.59,-6.11761,0.774353,5.29614,-3.30869,-4.77122
iteration(space)
82
transformation(space)
-0.249046,0.858344,-0.448578,-0.0162492
0.320138,-0.364175,-0.874579,0.440077
-0.91405,-0.361418,-0.184092,-0.135655
0,0,0,1
twist(space)
-0.432114,-0.268082,0.324563,-0.207932,-0.441441,0.411934
angular norm(space)
0.603268
linear norm(space)
0.638589
thetalist(space)
2.59,-5.15273,1.29121,7.83309,-1.87698,-3.62432
iteration(space)
83
transformation(space)
-0.0135953,0.947715,-0.31883,-0.295752
0.0106352,-0.318704,-0.947795,0.226214
-0.999851,-0.0162763,-0.00574628,-0.0696309
0,0,0,1
twist(space)
-0.324445,-0.00833664,0.0152018,-0.168698,-0.183304,0.157603
angular norm(space)
0.324908
linear norm(space)
0.294785
thetalist(space)
2.59,-5.49372,0.970579,5.72922,-2.83602,-3.88804
iteration(space)
84
transformation(space)
-0.391114,0.917026,-0.0780549,-0.0235623
0.654452,0.217488,-0.724148,0.397351
-0.647087,-0.334308,-0.685213,0.236658
0,0,0,1
twist(space)
0.0793771,-0.762651,0.412972,0.116229,-0.461513,0.32884
angular norm(space)
0.87091
linear norm(space)
0.57848
thetalist(space)
2.59,-6.35646,0.560906,2.00075,-4.478,-5.10345
iteration(space)
85
transformation(space)
-0.0135753,0.959993,0.279694,-0.270706
0.3733,0.264361,-0.889247,0.0952602
-0.927612,0.0923377,-0.361954,0.302891
0,0,0,1
twist(space)
0.282618,-0.38194,-0.0409145,0.198676,-0.233049,0.00119853
angular norm(space)
0.476891
linear norm(space)
0.306244
thetalist(space)
2.59,-6.11761,0.774354,5.29614,-3.30869,-4.77122
iteration(space)
86
transformation(space)
-0.249046,0.858345,-0.448576,-0.01625
0.320138,-0.364174,-0.87458,0.440077
-0.91405,-0.361417,-0.184092,-0.135653
0,0,0,1
twist(space)
-0.432112,-0.268082,0.324563,-0.20793,-0.441441,0.411933
angular norm(space)
0.603266
linear norm(space)
0.638587
thetalist(space)
2.59,-5.15273,1.29121,7.83309,-1.87698,-3.62433
iteration(space)
87
transformation(space)
-0.0135959,0.947715,-0.318828,-0.295752
0.0106348,-0.318702,-0.947795,0.226215
-0.999851,-0.0162768,-0.00574575,-0.0696314
0,0,0,1
twist(space)
-0.324443,-0.00833619,0.0152024,-0.168699,-0.183304,0.157603
angular norm(space)
0.324906
linear norm(space)
0.294785
thetalist(space)
2.59,-5.49372,0.97058,5.72922,-2.83602,-3.88804
iteration(space)
88
transformation(space)
-0.391114,0.917026,-0.0780555,-0.0235606
0.654454,0.217489,-0.724147,0.39735
-0.647085,-0.334308,-0.685214,0.236659
0,0,0,1
twist(space)
0.0793772,-0.762654,0.412973,0.11623,-0.461514,0.32884
angular norm(space)
0.870912
linear norm(space)
0.578481
thetalist(space)
2.59,-6.35647,0.560904,2.00075,-4.47801,-5.10345
iteration(space)
89
transformation(space)
-0.0135751,0.959993,0.279695,-0.270706
0.3733,0.264362,-0.889247,0.0952597
-0.927611,0.0923387,-0.361954,0.302891
0,0,0,1
twist(space)
0.28262,-0.381941,-0.0409151,0.198676,-0.233049,0.00119783
angular norm(space)
0.476893
linear norm(space)
0.306244
thetalist(space)
2.59,-6.11761,0.774353,5.29614,-3.30869,-4.77122
iteration(space)
90
transformation(space)
-0.249047,0.858344,-0.448578,-0.0162491
0.320139,-0.364175,-0.874579,0.440077
-0.91405,-0.361418,-0.184093,-0.135654
0,0,0,1
twist(space)
-0.432113,-0.268083,0.324564,-0.20793,-0.441441,0.411934
angular norm(space)
0.603268
linear norm(space)
0.638588
thetalist(space)
2.59,-5.15273,1.29121,7.83309,-1.87698,-3.62432
iteration(space)
91
transformation(space)
-0.0135957,0.947715,-0.318829,-0.295752
0.0106353,-0.318704,-0.947795,0.226215
-0.999851,-0.0162767,-0.00574621,-0.0696304
0,0,0,1
twist(space)
-0.324445,-0.00833664,0.0152023,-0.168698,-0.183304,0.157603
angular norm(space)
0.324908
linear norm(space)
0.294785
thetalist(space)
2.59,-5.49372,0.97058,5.72922,-2.83602,-3.88804
iteration(space)
92
transformation(space)
-0.391114,0.917026,-0.0780552,-0.023563
0.654451,0.217487,-0.72415,0.397351
-0.647089,-0.334308,-0.685211,0.236656
0,0,0,1
twist(space)
0.0793762,-0.762649,0.412972,0.116227,-0.461512,0.32884
angular norm(space)
0.870908
linear norm(space)
0.578479
thetalist(space)
2.59,-6.35646,0.560906,2.00076,-4.478,-5.10345
iteration(space)
93
transformation(space)
-0.0135752,0.959994,0.279693,-0.270706
0.373299,0.26436,-0.889248,0.0952605
-0.927612,0.0923372,-0.361953,0.30289
0,0,0,1
twist(space)
0.282617,-0.381939,-0.0409143,0.198675,-0.233049,0.00119859
angular norm(space)
0.47689
linear norm(space)
0.306243
thetalist(space)
2.59,-6.11761,0.774354,5.29614,-3.30869,-4.77122
iteration(space)
94
transformation(space)
-0.249047,0.858343,-0.448579,-0.0162486
0.320139,-0.364175,-0.874578,0.440078
-0.914049,-0.361419,-0.184092,-0.135654
0,0,0,1
twist(space)
-0.432114,-0.268083,0.324565,-0.20793,-0.441442,0.411935
angular norm(space)
0.603269
linear norm(space)
0.638589
thetalist(space)
2.59,-5.15273,1.29121,7.8331,-1.87698,-3.62432
iteration(space)
95
transformation(space)
-0.0135955,0.947714,-0.318829,-0.295752
0.010635,-0.318704,-0.947794,0.226215
-0.999851,-0.0162765,-0.00574603,-0.0696309
0,0,0,1
twist(space)
-0.324445,-0.00833642,0.0152021,-0.168698,-0.183304,0.157603
angular norm(space)
0.324908
linear norm(space)
0.294785
thetalist(space)
2.59,-5.49372,0.97058,5.72922,-2.83602,-3.88804
iteration(space)
96
transformation(space)
-0.391112,0.917027,-0.0780565,-0.0235656
0.654448,0.217483,-0.724154,0.39735
-0.647092,-0.334309,-0.685207,0.236655
0,0,0,1
twist(space)
0.0793734,-0.762644,0.412971,0.116226,-0.461509,0.328839
angular norm(space)
0.870903
linear norm(space)
0.578476
thetalist(space)
2.59,-6.35646,0.560908,2.00077,-4.478,-5.10344
iteration(space)
97
transformation(space)
-0.013577,0.959994,0.27969,-0.270707
0.373296,0.264358,-0.889249,0.0952626
-0.927613,0.0923338,-0.361952,0.302888
0,0,0,1
twist(space)
0.282615,-0.381937,-0.0409115,0.198674,-0.233048,0.00120055
angular norm(space)
0.476886
linear norm(space)
0.306242
thetalist(space)
2.59,-6.1176,0.774356,5.29613,-3.30868,-4.77122
iteration(space)
98
transformation(space)
-0.249047,0.858345,-0.448575,-0.0162496
0.320139,-0.364172,-0.87458,0.440077
-0.91405,-0.361418,-0.184093,-0.135652
0,0,0,1
twist(space)
-0.43211,-0.268083,0.324564,-0.207928,-0.441441,0.411934
angular norm(space)
0.603266
linear norm(space)
0.638587
thetalist(space)
2.59,-5.15273,1.29121,7.83309,-1.87698,-3.62433
iteration(space)
99
transformation(space)
-0.0135957,0.947715,-0.318828,-0.295752
0.0106352,-0.318702,-0.947795,0.226215
-0.999851,-0.0162767,-0.00574612,-0.0696309
0,0,0,1
twist(space)
-0.324443,-0.00833654,0.0152022,-0.168698,-0.183304,0.157603
angular norm(space)
0.324906
linear norm(space)
0.294785
thetalist(space)
2.59,-5.49372,0.97058,5.72922,-2.83602,-3.88804
iteration(space)
100
transformation(space)
-0.391114,0.917027,-0.0780554,-0.0235617
0.654453,0.217487,-0.724148,0.39735
-0.647087,-0.334308,-0.685213,0.236658
0,0,0,1
twist(space)
0.0793766,-0.762652,0.412972,0.116229,-0.461513,0.32884
angular norm(space)
0.87091
linear norm(space)
0.57848
thetalist(space)
2.59,-6.35646,0.560905,2.00075,-4.47801,-5.10345
iteration(space)
101
transformation(space)
-0.0135756,0.959993,0.279694,-0.270706
0.373299,0.264361,-0.889247,0.0952603
-0.927612,0.0923375,-0.361954,0.302891
0,0,0,1
twist(space)
0.282619,-0.38194,-0.0409142,0.198676,-0.233049,0.00119849
angular norm(space)
0.476891
linear norm(space)
0.306244
thetalist(space)
2.59,-6.11761,0.774354,5.29614,-3.30869,-4.77122
iteration(space)
102
transformation(space)
-0.249046,0.858345,-0.448575,-0.0162507
0.320137,-0.364173,-0.87458,0.440076
-0.91405,-0.361416,-0.184093,-0.135652
0,0,0,1
twist(space)
-0.43211,-0.268082,0.324562,-0.207929,-0.44144,0.411933
angular norm(space)
0.603265
linear norm(space)
0.638586
thetalist(space)
2.59,-5.15273,1.29121,7.83308,-1.87698,-3.62433
iteration(space)
103
transformation(space)
-0.0135963,0.947715,-0.318827,-0.295752
0.0106348,-0.318702,-0.947795,0.226215
-0.999851,-0.0162772,-0.00574557,-0.0696309
0,0,0,1
twist(space)
-0.324443,-0.00833606,0.0152028,-0.168698,-0.183304,0.157603
angular norm(space)
0.324906
linear norm(space)
0.294785
thetalist(space)
2.59,-5.49372,0.97058,5.72922,-2.83602,-3.88804
iteration(space)
104
transformation(space)
-0.391115,0.917026,-0.0780554,-0.0235587
0.654455,0.21749,-0.724145,0.397351
-0.647084,-0.334308,-0.685216,0.236658
0,0,0,1
twist(space)
0.079378,-0.762656,0.412973,0.11623,-0.461516,0.328841
angular norm(space)
0.870914
linear norm(space)
0.578483
thetalist(space)
2.59,-6.35647,0.560903,2.00074,-4.47801,-5.10345
iteration(space)
105
transformation(space)
-0.0135745,0.959992,0.279697,-0.270705
0.373301,0.264363,-0.889246,0.0952581
-0.927611,0.0923402,-0.361955,0.302892
0,0,0,1
twist(space)
0.282622,-0.381942,-0.0409162,0.198677,-0.23305,0.00119617
angular norm(space)
0.476895
linear norm(space)
0.306246
thetalist(space)
2.59,-6.11761,0.774352,5.29615,-3.30869,-4.77122
iteration(space)
106
transformation(space)
-0.249046,0.858343,-0.44858,-0.0162489
0.32014,-0.364176,-0.874578,0.440077
-0.914049,-0.361418,-0.184093,-0.135654
0,0,0,1
twist(space)
-0.432115,-0.268084,0.324564,-0.207931,-0.441441,0.411935
angular norm(space)
0.60327
linear norm(space)
0.638589
thetalist(space)
2.59,-5.15273,1.29121,7.83309,-1.87698,-3.62432
iteration(space)
107
transformation(space)
-0.0135959,0.947714,-0.318829,-0.295752
0.0106346,-0.318704,-0.947795,0.226215
-0.999851,-0.0162767,-0.00574556,-0.0696315
0,0,0,1
twist(space)
-0.324445,-0.008336,0.0152024,-0.168699,-0.183304,0.157604
angular norm(space)
0.324908
linear norm(space)
0.294785
thetalist(space)
2.59,-5.49372,0.97058,5.72922,-2.83602,-3.88804
iteration(space)
108
transformation(space)
-0.391113,0.917027,-0.0780562,-0.0235639
0.65445,0.217485,-0.724151,0.39735
-0.64709,-0.334309,-0.68521,0.236656
0,0,0,1
twist(space)
0.0793746,-0.762648,0.412971,0.116228,-0.461511,0.32884
angular norm(space)
0.870906
linear norm(space)
0.578478
thetalist(space)
2.59,-6.35646,0.560906,2.00076,-4.478,-5.10344
iteration(space)
109
transformation(space)
-0.0135763,0.959994,0.279692,-0.270706
0.373298,0.264359,-0.889248,0.0952614
-0.927612,0.0923356,-0.361953,0.30289
0,0,0,1
twist(space)
0.282617,-0.381939,-0.0409129,0.198675,-0.233048,0.00119956
angular norm(space)
0.476889
linear norm(space)
0.306243
thetalist(space)
2.59,-6.1176,0.774355,5.29614,-3.30868,-4.77122
iteration(space)
110
transformation(space)
-0.249047,0.858345,-0.448576,-0.0162496
0.320138,-0.364173,-0.87458,0.440077
-0.91405,-0.361417,-0.184093,-0.135653
0,0,0,1
twist(space)
-0.432111,-0.268083,0.324563,-0.20793,-0.441441,0.411933
angular norm(space)
0.603266
linear norm(space)
0.638588
thetalist(space)
2.59,-5.15273,1.29121,7.83309,-1.87698,-3.62433
iteration(space)
111
transformation(space)
-0.0135953,0.947715,-0.318829,-0.295752
0.0106354,-0.318703,-0.947795,0.226214
-0.999851,-0.0162764,-0.00574646,-0.0696306
0,0,0,1
twist(space)
-0.324444,-0.00833684,0.0152019,-0.168698,-0.183304,0.157603
angular norm(space)
0.324907
linear norm(space)
0.294785
thetalist(space)
