iteration(space)
1
transformation(space)
-0.309494,-0.774965,0.551038,0.980856
-0.164581,0.6144,0.771638,-0.529675
-0.93655,0.148127,-0.317697,0.180915
0,0,0,1
twist(space)
2.46207,-0.32347,0.340898,0.49442,0.164949,-2.05446
angular norm(space)
2.50652
linear norm(space)
2.11955
thetalist(space)
2.59,-2.62252,-0.994008,4.9645,-2.05733,-3.70616
iteration(space)
2
transformation(space)
-0.564596,0.763525,-0.313466,0.368696
0.566127,0.0818774,-0.820241,-1.55513
-0.600609,-0.640566,-0.47848,-0.187615
0,0,0,1
twist(space)
-0.134651,-0.607361,0.700712,0.547485,-0.985901,-1.59624
angular norm(space)
0.937025
linear norm(space)
1.95441
thetalist(space)
2.59,-3.67614,-0.0402083,4.8612,-0.433669,-0.974953
iteration(space)
3
transformation(space)
0.566726,0.822003,-0.0559777,0.12158
-0.338872,0.170626,-0.925231,-0.65036
-0.750991,0.543322,0.375252,-0.475385
0,0,0,1
twist(space)
0.0626577,0.390282,-0.606662,-0.884065,-0.390349,-0.633484
angular norm(space)
0.724076
linear norm(space)
1.15553
thetalist(space)
2.59,-4.4764,-0.960117,17.8669,-0.361002,-2.42119
iteration(space)
4
transformation(space)
0.391981,0.722541,-0.569461,-0.031794
0.431393,-0.691085,-0.579915,-0.167614
-0.812558,-0.0183462,-0.582591,0.0493129
0,0,0,1
twist(space)
-0.74358,-0.598137,-0.220402,-0.0418566,-0.543161,-0.0939882
angular norm(space)
0.979416
linear norm(space)
0.55282
thetalist(space)
2.59,-5.62141,0.438818,9.3435,-2.15346,-2.52357
iteration(space)
5
transformation(space)
-0.645706,0.746401,0.161083,-0.353114
0.138015,0.321564,-0.936776,0.456214
-0.751009,-0.58265,-0.31065,0.658076
0,0,0,1
twist(space)
0.267013,-0.248214,0.67956,0.54545,-0.00639917,0.412489
angular norm(space)
0.771173
linear norm(space)
0.683888
thetalist(space)
2.59,-5.81505,1.40602,4.40285,-3.16949,-4.75485
